

--------------------------------------------------------------------------------
Optimization Results
--------------------------------------------------------------------------------
    run  success    duration        cost  LI__MIDIM_Vmax  LI__MID1OHEX_Vmax  LI__MIDOH_Vmax  KI__MID1OHEX_Vmax  KI__MID1OHEX_Km  ftissue_mid  ftissue_mid1oh                                message                                                  x                                  x0
0     5     True  171.785860    0.041437        0.002470           0.000308        0.000325           0.000023         0.000010   897.909995        0.000037  Optimization terminated successfully.  [0.0024703763557777396, 0.00030841243139635206...  [0.1, 0.1, 100, 100, 100, 50, 1.0]
1     4     True  120.851001    0.041507        0.002390           0.000286        0.000339           0.000025         0.000010   606.567175        0.000016  Optimization terminated successfully.  [0.002390287568658666, 0.00028599021124309443,...  [0.1, 0.1, 100, 100, 100, 50, 1.0]
2     0     True  154.525831    0.041531        0.002214           0.000279        0.000350           0.000025         0.000010   838.456888        0.000010  Optimization terminated successfully.  [0.002214088379854803, 0.0002790423344567291, ...  [0.1, 0.1, 100, 100, 100, 50, 1.0]
3    17     True   48.339594    0.045426        0.001918           0.000095        0.001672          49.412641         0.046965   995.858905        0.000030  Optimization terminated successfully.  [0.0019182351289029538, 9.494753776241844e-05,...  [0.1, 0.1, 100, 100, 100, 50, 1.0]
4    14     True   73.306099    0.045437        0.001923           0.000097        0.001689          51.640644         0.001837   913.976611        0.000052  Optimization terminated successfully.  [0.0019234679889694297, 9.651639105886909e-05,...  [0.1, 0.1, 100, 100, 100, 50, 1.0]
5     2     True   71.600427    0.045438        0.001971           0.000094        0.001673           0.050606         0.000094   836.645526        0.000014  Optimization terminated successfully.  [0.001970778981569019, 9.352848268426017e-05, ...  [0.1, 0.1, 100, 100, 100, 50, 1.0]
6     3     True   66.739981    0.045439        0.001970           0.000094        0.001655           0.032589         0.000072   860.829085        0.000025  Optimization terminated successfully.  [0.0019702857308436144, 9.376979184298283e-05,...  [0.1, 0.1, 100, 100, 100, 50, 1.0]
7     6     True   68.277533    0.045441        0.001926           0.000093        0.001674          10.561197         0.015748   853.899771        0.000020  Optimization terminated successfully.  [0.0019264439917857812, 9.348727032821937e-05,...  [0.1, 0.1, 100, 100, 100, 50, 1.0]
8     1     True   64.253316    0.045450        0.001972           0.000094        0.001686          37.054936         0.004425   883.322223        0.000147  Optimization terminated successfully.  [0.001971661964932025, 9.370616587079678e-05, ...  [0.1, 0.1, 100, 100, 100, 50, 1.0]
9     9     True   66.274087    0.045456        0.001940           0.000096        0.001679        6111.248223         0.002128   841.556150        0.000168  Optimization terminated successfully.  [0.0019395962013399228, 9.573831377667329e-05,...  [0.1, 0.1, 100, 100, 100, 50, 1.0]
10   13     True   67.843601    0.045457        0.001884           0.000097        0.001709           6.607645         0.000085   904.489797        0.000043  Optimization terminated successfully.  [0.0018838054195411198, 9.715781391062074e-05,...  [0.1, 0.1, 100, 100, 100, 50, 1.0]
11   19     True   67.256514    0.045459        0.001940           0.000096        0.001702           1.020621         0.000019   985.396833        0.000222  Optimization terminated successfully.  [0.0019395019951429409, 9.605547729757977e-05,...  [0.1, 0.1, 100, 100, 100, 50, 1.0]
12    7     True   83.438079    0.045459        0.001948           0.000096        0.001693           0.125185         0.000132   886.267109        0.000020  Optimization terminated successfully.  [0.0019480562382073329, 9.622044513669315e-05,...  [0.1, 0.1, 100, 100, 100, 50, 1.0]
13   18     True  105.586789    0.045461        0.002023           0.000094        0.001623           6.815265         0.027963   901.569174        0.000121  Optimization terminated successfully.  [0.0020228296649687093, 9.356995098161e-05, 0....  [0.1, 0.1, 100, 100, 100, 50, 1.0]
14   15     True  101.375091    0.045461        0.001913           0.000095        0.001656           0.020147         0.000047   793.232383        0.000069  Optimization terminated successfully.  [0.0019133526446942347, 9.459373237409645e-05,...  [0.1, 0.1, 100, 100, 100, 50, 1.0]
15   11     True   60.258136    0.045468        0.001979           0.000095        0.001686          18.802210         0.000109   724.320841        0.000035  Optimization terminated successfully.  [0.001978591252784411, 9.483518161877488e-05, ...  [0.1, 0.1, 100, 100, 100, 50, 1.0]
16   12     True   66.248825    0.045470        0.001950           0.000092        0.001686           0.311610         0.000028   876.945195        0.000069  Optimization terminated successfully.  [0.0019495397096177748, 9.19815427904968e-05, ...  [0.1, 0.1, 100, 100, 100, 50, 1.0]
17    8     True   87.522941    0.045475        0.001937           0.000096        0.001687           1.530548         0.000152   713.792031        0.000129  Optimization terminated successfully.  [0.0019371545378122361, 9.600780362203112e-05,...  [0.1, 0.1, 100, 100, 100, 50, 1.0]
18   16     True   57.409237    0.045478        0.001974           0.000093        0.001644           0.167903         0.000487   728.731477        0.000172  Optimization terminated successfully.  [0.001973753524186291, 9.26842073979693e-05, 0...  [0.1, 0.1, 100, 100, 100, 50, 1.0]
19   10    False    4.354013  161.237938        0.100000           0.100000      100.000000         100.000000       100.000000    50.000000        1.000000                                   None  [0.1, 0.1, 100.0, 100.0, 100.0, 49.99999999999...  [0.1, 0.1, 100, 100, 100, 50, 1.0]
--------------------------------------------------------------------------------
Optimal parameters:
	'LI__MIDIM_Vmax': Q_(0.0024703763557777396, 'mmole_per_min'),  # [1e-05 - 1000.0]
	'LI__MID1OHEX_Vmax': Q_(0.00030841243139635206, 'mmole_per_min'),  # [1e-05 - 1000.0]
	'LI__MIDOH_Vmax': Q_(0.00032543494944694027, 'mmole_per_min'),  # [1e-05 - 1000.0]
	'KI__MID1OHEX_Vmax': Q_(2.333606966344406e-05, 'mmole/min'),  # [1e-05 - 10000.0]
	'KI__MID1OHEX_Km': Q_(1.0008473462223425e-05, 'mM'),  # [1e-05 - 0.1]
	'ftissue_mid': Q_(897.9099953497414, 'liter/min'),  # [1e-05 - 1000.0]
	'ftissue_mid1oh': Q_(3.663615456190751e-05, 'liter/min'),  # [1e-05 - 1000.0]
--------------------------------------------------------------------------------